 4 1 2 3 5 6 7 8 9
 3 5 6 7 8 9 1 2 4
 7 8 9 1 2 4 3 5 6
 1 2 3 4 6 5 8 9 7
 5 4 7 8 9 1 2 6 3
 6 9 8 2 3 7 4 1 5
 2 3 5 6 4 8 9 7 1
 8 6 1 9 7 3 5 4 2
 9 7 4 5 1 2 6 3 8

 4 1 2 3 5 6 7 8 9
 3 5 6 7 8 9 1 2 4
 7 8 9 1 2 4 3 5 6
 1 2 3 4 6 5 8 9 7
 5 4 7 8 9 1 2 6 3
 6 9 8 2 3 7 4 1 5
 2 3 5 6 4 8 9 7 1
 9 7 4 5 1 2 6 3 8
 8 6 1 9 7 3 5 4 2

 4 1 2 3 5 6 7 8 9
 3 5 6 7 8 9 1 2 4
 7 8 9 1 2 4 3 5 6
 1 2 3 4 6 5 8 9 7
 5 4 7 8 9 1 2 6 3
 6 9 8 2 3 7 4 1 5
 2 3 5 6 7 8 9 4 1
 8 6 1 9 4 3 5 7 2
 9 7 4 5 1 2 6 3 8

 4 1 2 3 5 6 7 8 9
 3 5 6 7 8 9 1 2 4
 7 8 9 1 2 4 3 5 6
 1 2 3 4 6 5 8 9 7
 5 4 7 8 9 1 2 6 3
 6 9 8 2 3 7 4 1 5
 2 3 5 6 7 8 9 4 1
 8 6 4 9 1 3 5 7 2
 9 7 1 5 4 2 6 3 8

 4 1 2 3 5 6 7 8 9
 3 5 6 7 8 9 1 2 4
 7 8 9 1 2 4 3 5 6
 1 2 3 4 6 5 8 9 7
 5 4 7 8 9 1 2 6 3
 6 9 8 2 3 7 4 1 5
 2 3 5 6 7 8 9 4 1
 9 7 1 5 4 2 6 3 8
 8 6 4 9 1 3 5 7 2

 4 1 2 3 5 6 7 8 9
 3 5 6 7 8 9 1 2 4
 7 8 9 1 2 4 3 5 6
 1 2 3 4 6 5 8 9 7
 5 4 7 8 9 1 2 6 3
 6 9 8 2 3 7 4 1 5
 2 3 5 6 7 8 9 4 1
 9 7 4 5 1 2 6 3 8
 8 6 1 9 4 3 5 7 2

 4 1 2 3 5 6 7 8 9
 3 5 6 7 8 9 1 2 4
 7 8 9 1 2 4 3 5 6
 1 2 3 4 6 5 8 9 7
 5 4 7 8 9 1 2 6 3
 6 9 8 2 3 7 4 1 5
 2 3 5 9 4 8 6 7 1
 8 6 1 5 7 3 9 4 2
 9 7 4 6 1 2 5 3 8

 4 1 2 3 5 6 7 8 9
 3 5 6 7 8 9 1 2 4
 7 8 9 1 2 4 3 5 6
 1 2 3 4 6 5 8 9 7
 5 4 7 8 9 1 2 6 3
 6 9 8 2 3 7 4 1 5
 2 3 5 9 4 8 6 7 1
 9 7 4 6 1 2 5 3 8
 8 6 1 5 7 3 9 4 2

 4 1 2 3 5 6 7 8 9
 3 5 6 7 8 9 1 2 4
 7 8 9 1 2 4 3 5 6
 1 2 3 4 6 5 8 9 7
 5 4 7 8 9 1 2 6 3
 6 9 8 2 3 7 4 1 5
 2 3 5 9 7 8 6 4 1
 8 6 1 5 4 3 9 7 2
 9 7 4 6 1 2 5 3 8

 4 1 2 3 5 6 7 8 9
 3 5 6 7 8 9 1 2 4
 7 8 9 1 2 4 3 5 6
 1 2 3 4 6 5 8 9 7
 5 4 7 8 9 1 2 6 3
 6 9 8 2 3 7 4 1 5
 2 3 5 9 7 8 6 4 1
 8 6 4 5 1 3 9 7 2
 9 7 1 6 4 2 5 3 8

 4 1 2 3 5 6 7 8 9
 3 5 6 7 8 9 1 2 4
 7 8 9 1 2 4 3 5 6
 1 2 3 4 6 5 8 9 7
 5 4 7 8 9 1 2 6 3
 6 9 8 2 3 7 4 1 5
 2 3 5 9 7 8 6 4 1
 9 7 1 6 4 2 5 3 8
 8 6 4 5 1 3 9 7 2

 4 1 2 3 5 6 7 8 9
 3 5 6 7 8 9 1 2 4
 7 8 9 1 2 4 3 5 6
 1 2 3 4 6 5 8 9 7
 5 4 7 8 9 1 2 6 3
 6 9 8 2 3 7 4 1 5
 2 3 5 9 7 8 6 4 1
 9 7 4 6 1 2 5 3 8
 8 6 1 5 4 3 9 7 2

 4 1 2 3 5 6 7 8 9
 3 5 6 7 8 9 1 2 4
 7 8 9 1 2 4 3 5 6
 1 2 3 4 6 5 8 9 7
 5 4 7 8 9 1 2 6 3
 6 9 8 2 3 7 4 1 5
 2 6 1 5 4 3 9 7 8
 8 3 5 9 7 2 6 4 1
 9 7 4 6 1 8 5 3 2

 4 1 2 3 5 6 7 8 9
 3 5 6 7 8 9 1 2 4
 7 8 9 1 2 4 3 5 6
 1 2 3 4 6 5 8 9 7
 5 4 7 8 9 1 2 6 3
 6 9 8 2 3 7 4 1 5
 2 6 1 5 4 3 9 7 8
 9 7 4 6 1 8 5 3 2
 8 3 5 9 7 2 6 4 1

 4 1 2 3 5 6 7 8 9
 3 5 6 7 8 9 1 2 4
 7 8 9 1 2 4 3 5 6
 1 2 3 4 6 5 8 9 7
 5 4 7 8 9 1 2 6 3
 6 9 8 2 3 7 4 1 5
 2 6 1 5 7 3 9 4 8
 8 3 5 9 4 2 6 7 1
 9 7 4 6 1 8 5 3 2

 4 1 2 3 5 6 7 8 9
 3 5 6 7 8 9 1 2 4
 7 8 9 1 2 4 3 5 6
 1 2 3 4 6 5 8 9 7
 5 4 7 8 9 1 2 6 3
 6 9 8 2 3 7 4 1 5
 2 6 1 5 7 3 9 4 8
 8 7 5 9 4 2 6 3 1
 9 3 4 6 1 8 5 7 2

 4 1 2 3 5 6 7 8 9
 3 5 6 7 8 9 1 2 4
 7 8 9 1 2 4 3 5 6
 1 2 3 4 6 5 8 9 7
 5 4 7 8 9 1 2 6 3
 6 9 8 2 3 7 4 1 5
 2 6 1 5 7 3 9 4 8
 9 3 4 6 1 8 5 7 2
 8 7 5 9 4 2 6 3 1

 4 1 2 3 5 6 7 8 9
 3 5 6 7 8 9 1 2 4
 7 8 9 1 2 4 3 5 6
 1 2 3 4 6 5 8 9 7
 5 4 7 8 9 1 2 6 3
 6 9 8 2 3 7 4 1 5
 2 6 1 5 7 3 9 4 8
 9 7 4 6 1 8 5 3 2
 8 3 5 9 4 2 6 7 1

 4 1 2 3 5 6 7 8 9
 3 5 6 7 8 9 1 2 4
 7 8 9 1 2 4 3 5 6
 1 2 3 4 6 5 8 9 7
 5 4 7 8 9 1 2 6 3
 6 9 8 2 3 7 4 1 5
 2 6 1 9 4 3 5 7 8
 8 3 5 6 7 2 9 4 1
 9 7 4 5 1 8 6 3 2

 4 1 2 3 5 6 7 8 9
 3 5 6 7 8 9 1 2 4
 7 8 9 1 2 4 3 5 6
 1 2 3 4 6 5 8 9 7
 5 4 7 8 9 1 2 6 3
 6 9 8 2 3 7 4 1 5
 2 6 1 9 4 3 5 7 8
 9 7 4 5 1 8 6 3 2
 8 3 5 6 7 2 9 4 1

